25171000
25059000
32041210
39172900
39173900
39174090
39174090
39204390
96031000
96031000
96039000
96040000
96040000
25051000
84798912
96039000
32149000
32149000
32149000
32149000
25059000
56075090
56075090
56075090
96039000
39251000
39251000
83014000
83014000
35061090
39259090
72162100
76042100
76042100
82055900
90303390
96034010
96034090
96034090
39174090
82023100
85362000
85362000
85362000
40169300
39172300
39172300
39174090
39174090
39174090
39229000
82011000
38140090
44182100
96034090
96034090
96034090
44182100
39234000
85366100
39172300
39174090
39174090
56074900
56074900
39174090
69109000
44031100
44031100
44182100
72162100
73181500
96034010
96034010
96034010
96034090
96034090
68118200
68118200
82032010
39251000
72162100
72162100
96034090
96034090
96034090
96034090
83014000
85365090
85366100
73269090
73269090
39234000
73083000
85366100
35069120
38244000
38244000
38244000
39259090
39174090
39174090
39174090
39174090
39173900
39172100
39174090
39269090
85369010
44031100
44031100
76042100
39259090
35061090
38244000
38244000
39174090
39174090
39174090
39174090
39174090
39174090
44031100
76042100
39172300
56075090
56075090
56075090
73181500
39234000
68118200
38070000
38070000
76082090
39172300
39172300
39174090
39174090
84818019
44031100
87169090
87169090
39174090
39174090
39174090
39174090
39174090
82055900
96034010
96034090
39259090
85366910
73269090
73269090
84818011
96034090
68118200
68118200
73170090
82021000
82021000
85362000
44182100
82075019
39172900
39172300
27150000
35061090
35069120
39259090
82032010
39172300
39174090
39174090
84818019
84818095
39172300
39172300
68071000
68071000
68071000
39174090
68051000
39174090
39174090
39174090
68042119
82011000
39229000
39269090
35069120
38244000
68051000
68051000
68051000
68051000
39174090
39174090
82032010
39172300
96034090
39174090
39174090
39174090
32149000
32149000
32149000
38070000
68051000
39174090
39173229
68071000
68071000
68071000
27150000
54071019
32149000
39174090
39174090
85366100
32149000
25232910
32149000
32149000
32149000
32149000
32149000
84501900
84501900
25222000
25222000
32149000
90262090
25059000
25232910
35061090
39172300
61161000
73181200
73181200
73181200
73181300
39172300
39172300
39174090
39174090
39174090
39174090
39174090
39209990
68042211
73144100
82075011
82075011
82130000
35061090
39259090
32091010
38140090
35061090
32091010
32091010
32091010
39259090
39174090
38089419
38089419
38089419
28289011
34023990
34023990
34023990
34023990
34029039
34029090
38099190
25171000
25171000
25171000
25171000
87168000
84743100
87169090
28273200
84818095
84818095
84818095
85161000
85161000
85161000
85161000
85161000
85161000
85161000
85168010
85168010
85168010
85168010
72131000
72142000
72142000
32141020
32091010
32091010
32091010
32091010
32091010
32091010
35069120
35069190
32081010
32081010
32081010
32081010
32081010
32081010
32081010
39095019
79070090
39222000
73269090
82015000
82016000
82032010
85161000
85161000
35069190
35069190
38249941
32081010
32081020
32091010
32091010
32091010
32091010
72171090
32081010
32091010
32091020
32141020
32141020
32081010
32081020
32081020
32091010
90049020
39162000
39269090
85444900
85444900
94051990
32141020
32081010
32081010
32081020
32081020
32091010
32091010
32081010
32081020
32091010
32091010
32091010
32091010
39259090
84244100
82013000
27101249
73269090
96039000
68042119
85161000
85369010
90303100
90303100
90303390
25171000
25171000
28274921
28332200
28362010
28363000
38089349
38089349
38089419
38089419
38089419
38089419
38089419
28332200
29072900
38089419
38229000
38229000
38229000
25171000
38089419
38089419
25171000
27101249
38190000
40118090
40139000
32149000
39172300
39172300
39172300
39172300
39172300
39174090
39191020
39191020
72131000
72142000
39172300
39174090
39251000
84818019
84818019
84818019
85161000
85161000
72171090
73084000
72142000
72171090
68052000
39174090
39174090
39174090
84818019
84818019
84818099
85444900
85444900
39172300
39172300
39174090
39174090
39174090
39174090
39222000
39222000
39222000
39222000
39269090
39269090
82029990
82029990
82075011
82075011
82075011
72171090
84219999
84219999
38249941
27101230
38140090
40069000
40169300
39173290
39174090
39174090
39174090
39269090
84818019
84818019
73269090
84669340
96034010
32041700
32041700
32041700
39269090
39269090
82032010
82055900
90178010
90178010
82032010
17049090
18069000
28151100
35061090
35061090
35061090
35061090
39169010
39191010
39269090
40151900
40151900
48114110
79070090
96034010
96034090
96039000
96091000
32041700
32041700
32041700
32149000
39174090
39174090
39174090
39191020
39191020
39191020
68042211
68042211
68042211
82023100
82029100
85161000
85161000
85369010
85369010
87168000
85366100
90303390
94051190
94051990
25182000
25202090
39191010
40151900
40151900
54071019
39172300
39229000
73144100
68051000
68051000
68051000
73181500
73182200
39174090
39174090
39174090
73144100
73144100
73144100
96081000
96082000
96082000
96082000
39173900
68052000
68052000
68052000
73181200
39174090
39174090
39174090
82053000
85395200
39169010
39259090
40151900
73181200
73181200
73181200
73182200
84811000
34031900
39174090
39174090
39249000
39269090
68042119
35061010
35061090
39259090
73181500
73181500
73181500
73181500
73181600
73181600
83082000
83082000
96034090
96035000
96035000
73170090
82075011
82075011
82075011
82075011
82075011
82075011
83021000
83021000
84818095
85395200
68042119
68042211
68042211
85161000
39174090
39174090
39259090
40151900
61161000
61161000
73181500
73181500
73182200
73182200
73269090
76082090
84248229

39174090
39174090
39174090
39174090
40118090
40139000
73170020
83021000
84818019
85395200
22042100
32141010
35061090
35061090
38244000
27101919
32041700
39174090
73144100
73170090
83021000
83021000
85395200
19053200
28061020
38244000
38249979
39259090
40151900
40151900
56081900
84669340
32041700
39174090
39174090
82041100
82054000
84818093
84818095
84818095
85392190
85392190
19053200
35061090
96034090
39174090
39269090
73170090
73170090
73170090
73170090
25202090
35069900
39259090
70199000
39269090
72172090
72172090
72172090
82055900
82055900
82075011
82075011
82075011
82075011
82075011
82075011
82075011
82075011
39269090
39269090
39269090
39269090
85362000
85362000
85362000
85362000
85365090
85365090
85365090
85365090
85366910
85366910
85366910
85366910
85366910
85389090
85389090
85366910
85366910
85366910
32091010
32091010
85362000
85365090
85366910
85369090
85362000
85365090
